0.0
0.0
0.0
0.0
0.0
0.0
0.0
0.0
0.0
0.0
0.0
0.0
0.0
0.0
0.0
0.0
0.0
0.0
9.02432065349007e-269
3.330703408544463e-200
2.3260373628188324e-155
1.783629532956371e-144
7.055750250034726e-102
8.119471040160825e-99
1.1946217244852792e-72
3.3234581945878502e-130
3.4614246555507957e-91
1.2452307196674139e-85
4.181395333102825e-102
3.923418275562866e-140
1.4581490158953114e-208
1.0782986314118138e-200
8.046709435252855e-226
1.26228523065e-313
0.0
0.0
0.0
0.0
0.0
0.0
0.0
0.0
0.0
0.0
0.0
0.0
0.0
0.0
0.0
0.0
0.0
0.0
0.0
0.0
0.0
0.0
0.0
0.0
0.0
0.0
0.0
0.0
0.0
0.0
0.0
0.0
9.606050947855089e-267
1.2832156284637046e-172
9.293380513107592e-145
3.924205997033257e-114
3.9397371453671834e-60
9.725624590664855e-38
2.1720688820181396e-30
3.891659219081609e-18
2.83647776830087e-10
0.0011000861490686
2.0660315868317914e-24
1.596407102062353e-07
7.50410892650804e-08
8.874204300614349e-11
3.162408044839199e-37
9.100055579846764e-63
4.748123448104564e-54
3.57373646885117e-79
2.3272331150394035e-142
4.450641293899549e-182
4.824043777009968e-246
0.0
0.0
0.0
0.0
0.0
0.0
0.0
0.0
0.0
0.0
0.0
0.0
0.0
0.0
0.0
0.0
0.0
0.0
0.0
0.0
0.0
0.0
0.0
0.0
0.0
0.0
0.0
0.0
8.000625347238382e-233
1.8920850320061623e-144
5.873351549109278e-113
6.926832336676308e-45
2.178712187236626e-26
1.3951136105805207e-20
0.2963952681726809
0.011568295253986392
0.160320056551007
0.0036802276487984857
0.019066937220848824
1.39385452577452
0.02141606541343293
6.97667996673163e-07
4.4974801909987536e-06
8.401518140214973e-06
1.0117575810528903
9.825622345769974e-13
0.9168314683352797
2.2355214256796226e-05
1.8394838353528444e-46
6.124733254597508e-46
2.0062316035673365e-102
2.872498275766826e-142
6.74694579463218e-219
0.0
0.0
0.0
0.0
0.0
0.0
0.0
0.0
0.0
0.0
0.0
0.0
0.0
0.0
0.0
0.0
0.0
0.0
0.0
0.0
0.0
0.0
0.0
0.0
1.0902412134364798e-297
2.438202874899742e-165
7.183448454670546e-78
3.3181989862569906e-33
1.6255839395148604e-26
6.506220865842454e-13
0.9082198382376819
4.676361506084923e-05
0.0014139813709418579
1.8893551477181446e-05
0.004626013561444503
0.8531722259857778
1.4821329149068915e-11
1.0965964907938615e-06
0.7530710052342418
0.002535445592204386
1.832378640857096e-07
1.1329473309631792
0.23825062939786398
0.12641363734900032
2.9630582813687145e-05
0.552998616027486
2.0246693683633632e-15
0.3560918975922548
6.45510303122797e-14
2.740192359382176e-35
1.6360221519604242e-86
4.420169367144837e-193
8.97544248154025e-279
0.0
0.0
0.0
0.0
0.0
0.0
0.0
0.0
0.0
0.0
0.0
0.0
0.0
0.0
0.0
0.0
0.0
0.0
0.0
0.0
0.0
2.140013023347553e-217
2.2350232327448053e-139
7.408163584570615e-57
1.1445794198276395e-18
1.5764768697596233e-08
2.9027939449408204e-08
0.17702079327119014
1.0176802326133663
0.24687454749672996
0.11724730045457922
0.8805622665902518
0.4578383840867344
0.0006363925070854173
0.1991262442501242
1.9558007359838532
0.08691786049738853
0.004869076532192991
0.1581862006741028
0.001382113287807801
0.2825030184347692
0.005418474562700158
0.49630692094977535
0.037225213560993856
0.4051017469578064
0.32297709546581
5.1866099072738165e-08
0.42995233995530313
4.0371867088685565e-21
2.8348198327951592e-53
1.781011859586837e-123
2.353989978540375e-207
0.0
0.0
0.0
0.0
0.0
0.0
0.0
0.0
0.0
0.0
0.0
0.0
0.0
0.0
0.0
0.0
0.0
0.0
0.0
1.639654420131876e-175
7.154869792034531e-83
9.648618929583026e-40
1.8505854316090686e-05
0.018270606752300574
8.512433181880982e-05
1.2984538373718122
0.12263877896872721
3.005750005399341e-05
1.801766777255692
0.009000533649913559
0.010762088819730278
1.7662578565882978
0.004684070030202341
0.23368128816467568
0.0014756544901378922
2.0763797803806523
0.04799122301498003
0.013506208486288045
0.0004594392287417667
0.9931157193650384
0.1795263175385788
2.932229297750565
0.005395067889810303
3.1017609712559455e-06
1.2988378640166738
1.2410826085410999e-11
0.009415594299390177
0.025157694873924646
0.03766458604093974
1.2710168741634519e-23
9.752690080363748e-97
4.589354593925314e-178
1.9661406898215316e-299
0.0
0.0
0.0
0.0
0.0
0.0
0.0
0.0
0.0
0.0
0.0
0.0
0.0
0.0
0.0
1.4143839509907572e-293
4.494355276706643e-165
3.789805770518302e-77
1.4806130310297553e-12
0.55810465869295
0.04415467527274007
4.678257498120904e-05
1.152082439509105e-05
0.0024319438354038245
0.5533620908547019
0.015889060863753857
0.05124283409259579
2.806679871600147e-09
0.01285832450141405
0.20617364617720077
1.8979334830906754e-05
1.1941028904671147e-18
0.00011368511614071337
2.2095838449995884e-08
8.821701435998373e-05
0.0005493637964084493
7.911150017190331e-13
0.28084905853192565
0.6151912221190813
0.0031708402823153203
2.2670877069902264
0.2583897661314848
0.019894856301798648
0.00038383415567343985
0.1466655912984086
0.00034414679903409663
3.6000925833501824e-05
0.019524175459940174
2.958321020485738e-19
9.104620521826932e-57
3.919036134547443e-178
2.4166248649721145e-305
0.0
0.0
0.0
0.0
0.0
0.0
0.0
0.0
0.0
0.0
0.0
0.0
0.0
2.991258695e-315
5.1902908930584144e-141
1.5580571512211672e-62
5.379476101138182e-13
0.026952719082459057
0.08789848884701959
0.461328115335313
0.0605452399994103
0.004040079377985634
0.6394430293135874
0.08553082857869103
5.983000397366462e-14
0.9162574095095161
0.2494193700749665
0.008195630008396054
0.25789311259108144
0.005907813709219228
1.913027493334358e-05
0.036029935338000904
5.371410942481736e-07
0.014384324057970344
0.005040537457583205
0.1722296488404826
0.07825500705082726
0.1855437345160721
5.8273710038693724e-05
1.4450902595420057e-05
0.12117283446955535
1.5476111998987319
2.350570983100488e-06
0.013644334964239618
0.906914447071298
0.11474856877671333
1.072315180955683
1.9705845067226337
3.139736966090777e-31
1.6116943804682072e-68
1.2991184530110686e-147
9.088982816701578e-284
0.0
0.0
0.0
0.0
0.0
0.0
0.0
0.0
0.0
0.0
0.0
0.0
6.76983333041839e-166
1.701278285643181e-66
9.891775502056752e-06
1.8783488424691868
0.02025956676323263
0.027519355578497644
0.00011965602712108491
0.00838404102970464
1.6771327932076852
0.3499191041775901
0.09851049939629847
0.03890621995500547
1.07981165469983
3.8814597129377525e-05
1.522140839840204e-06
0.1663967417443257
1.4275916694897086e-05
0.00397140677918846
1.617621438643159
0.22273737354281212
7.615173001871689e-08
0.35951592198031884
6.20363428480231e-05
1.9599109234871157
1.4481533701926126
0.00021531412405318283
0.09771323697204647
0.34030305097584523
0.9669117124120021
0.06218542672996983
0.0013778711185880052
0.00504125297699873
0.0038198837541475092
0.15230143734119847
0.0012397505042593825
0.45556878686534436
1.4989562039331633e-06
1.9613614980093076e-56
6.593998521945746e-138
1.329029603978849e-287
0.0
0.0
0.0
0.0
0.0
0.0
0.0
0.0
0.0
0.0
4.308886907678679e-240
6.481080266651395e-99
9.116944120817636e-11
0.014313917301690867
0.00011555451911428485
0.001100413796893429
8.79649108107448e-05
0.0013660722673896222
9.126821182032868e-07
0.19610558209777146
0.2833740450767591
3.846880260537702e-06
0.39214583723400914
3.775659056410824e-06
0.6567643532280488
2.3625610104987874e-05
0.00020360505946864668
0.008491137950019186
0.013134052817546212
0.002680501617065853
1.0600944352616846
2.1031319880616096e-10
4.073009086378394e-05
0.02931892301407663
0.7852101530609679
0.336378232197527
3.331313782945674e-05
0.10361421318036579
0.0011414374087780985
2.052750047386779
0.3325987126774353
1.0358535965638227e-06
0.0006171919325643344
3.0483183642050215e-05
2.944636000878084e-07
0.6055065315696019
1.1710228437678172
0.3397155299129117
2.419500509948176e-06
1.05754211792298e-51
5.2336277481443685e-169
0.0
0.0
0.0
0.0
0.0
0.0
0.0
0.0
0.0
2.588336034099246e-212
1.1889959398073766e-130
7.238875784572728e-33
1.5334659883103e-08
1.635488780344597e-08
0.003049396270206626
0.0010586568770406945
0.056051883595192475
0.22795992548459287
1.7441782479010713e-09
0.38124499772670356
1.7921366416012503
0.1555116007253071
1.894474724355354e-07
1.8715236528630068
1.460861658894834
1.0673000277714912
0.40965243424742237
0.0014328795136782438
0.025525338076690916
2.4813689639612193e-11
2.8262397937910246
0.0028755077102993157
0.04454205923940412
2.1406397159307076e-06
0.006714156587856756
0.05132714177446444
5.636099350033953e-06
0.0004676299185096465
0.050871102273913255
0.00022421540561964987
4.722814443563828e-13
1.7617523068306045e-06
0.17078473061561733
0.056043973401982444
1.0014629112123127e-05
9.986689210428742e-05
0.019973715842589498
4.5064385459303894e-05
0.10076628694390527
1.0574936288477035e-18
6.559286705095913e-118
7.351090842953468e-263
0.0
0.0
0.0
0.0
0.0
0.0
0.0
2.39683494746394e-283
6.363972623074647e-106
2.923379635928298e-24
4.750292087369789e-13
6.0864892397092975e-06
0.710382689308647
0.5427086145174038
0.013641922600765253
0.05915082763931993
3.238367839049624
1.9062801738653414
0.06735940892743802
0.12012362850981759
1.0846477970739425e-05
0.8928977558309279
1.1264877782622427
0.011700173257369639
0.009509964369571989
0.0037662151012817294
0.0007187977203570189
0.0005366289632873624
0.01288344324323578
1.6695979847761938e-06
0.00013229939544991264
0.0017926104634788207
0.18419639694061055
0.007963231302497292
0.0001249826557977235
1.2181075063695639
0.0018093495649050047
1.7639633492344381e-09
0.8713715393880402
0.023118922551967576
0.00038011861110469135
0.0015511373205103732
9.37819624419836e-07
3.7910249058993344e-07
0.03228678634185452
4.527393235345589e-08
1.400231032711342
0.016556016518186823
0.0021515145118918846
3.242249114033303e-42
2.944462497785929e-119
2.0890631867739693e-273
0.0
0.0
0.0
0.0
0.0
0.0
2.90752849281405e-188
6.046548960546506e-70
0.0008798284035162689
1.5010163831870982
0.42248403850348465
0.025211286804517404
0.14892622366552932
0.11555058068109243
0.4663361936104797
0.007437469491650852
0.316105852177126
6.7862465780036335e-06
0.0006329133960758769
1.0584664194412907
0.7930694836197734
0.005749420634587335
1.8716419533164497
0.8523285572054824
0.9790436953097396
8.389243657162495e-05
0.00043160687607910603
0.6846230526717092
1.73798425559203e-08
0.7352395856027201
2.3170879662865516
0.14781130618974853
0.0035885805471169026
0.5660548256045641
0.0037454019254379452
0.0006660411106677585
0.009910389657336335
1.3735924172201108
0.3019833732420475
0.16429774052091242
0.010965725633880631
0.0016904415008344377
5.071591846122487e-13
2.766459120000416
0.00013742388717587377
0.010203379635755046
0.00010674778837328511
0.0025338100324039255
0.11317428139398025
7.259698695573976e-56
5.2210958171603997e-160
0.0
0.0
0.0
0.0
0.0
3.646648186344067e-249
9.831125501743191e-86
4.585422851668816e-18
0.18163912433979082
1.190589982798157
0.002987518881670771
2.26007300523386
0.001348078036378444
0.010551368233748047
1.4354555186511003e-07
1.3060220332698182
4.818076486259297e-06
1.9546166793613706
1.6649731192035828
0.5042887104934853
0.02073094220994255
0.13000907492243552
1.616586393735486
1.8698391523646316
0.014237788526533
0.042615550652604826
0.001734433778990119
1.7338797058447733e-06
0.027226753395181637
0.005642916249094155
0.14742980929867694
0.2599532002316499
0.002988807890392055
1.9294658903717359
0.0224872525281673
0.9793056986955552
1.46613185992523
1.5340566874581034
3.297973469892819e-05
0.13175295421818745
0.004281966307454005
0.009088975702049522
0.014107822731977422
2.867377504796582e-06
0.4143444096339985
2.1465493243427376e-05
0.02113867561097564
0.30054807749660867
0.9323817259441602
9.282253961580575e-10
6.806429174591333e-85
3.760279620648686e-226
0.0
0.0
0.0
0.0
1.2541256523753124e-183
6.50546641425666e-58
0.5065730968256658
0.0017729606217406068
0.2210633690529755
1.0026242608681983
0.897920153373052
0.0004955322689812966
2.139837843833037e-07
2.323233811055601
0.00011871280662919258
3.717137791233784e-09
4.781350199991669e-10
6.907588939555934e-09
1.1823891340566047e-05
0.07889020052542266
0.11095844602991825
0.2947581000059476
3.423399729918679e-10
0.6578469763216253
2.5648498984358487e-05
1.4965226241226487e-05
0.30234603193177767
0.599541472564263
1.1911181075300574
0.04341294687318941
1.2294486717613706
0.873834887637825
0.08850288806269209
0.45620776256488665
2.5380282520408867e-08
0.003823624689199599
0.11193237827596406
7.147762078138941e-07
0.5089374194085733
0.42385434906216823
1.0191985539701998e-05
1.775000611606359
2.3439469336321356e-06
1.0839425956781993e-05
0.10086414722417653
0.4577384092633282
0.24351230829461623
0.013794585346815092
0.7802836381211735
2.049705848433598e-46
2.604352817689529e-159
0.0
0.0
0.0
1.1771661617717533e-241
1.5091757915079483e-98
8.687572817993094e-23
1.8462161325976616e-05
1.1833289533130122
0.21316559211804836
0.37236023765016424
4.638739570949333e-09
0.007280331900306397
0.00445158105187101
0.00014058118362983318
0.0843320619199378
0.07518575421910126
0.8669195260545889
0.16762189934804556
0.04432801232516897
1.7803720635545133
0.3025247680006253
0.396885235760434
0.0008445404134130939
4.9989983578619544e-05
0.8259423360099185
1.3520897075382672
0.21548858373663038
1.962295423572446
1.860834171871605
1.2810646129627692
0.20869605755021622
0.00681860787063694
0.06460800758078668
1.9088203013961313
0.00334377994019451
0.0026260017156362766
1.3587246253894842
1.0484961070233352
0.00022368711311751972
6.309886882903036e-08
0.000810439090193425
1.0007191752488875e-28
0.04213786911926525
0.02013107804526315
0.0010462435690028026
0.17228939744157634
0.2922414536282327
0.23328851567037648
0.00021721752536605057
2.100877577068149e-09
1.3000986250493736e-95
2.1538954777814345e-277
0.0
0.0
5.215477255058843e-163
3.5646614293440756e-38
0.8875855616365661
0.8296695483189285
0.12552334640827362
0.1605784568887083
1.2817533758946252e-08
1.6218733364507865
0.0031339192854038145
0.3839789313710098
0.25385054011388675
0.00612635871920153
0.0019113232353333647
0.008802001930696563
0.012575213551574208
0.00024718247744746517
0.08820121194338425
2.567984105640727e-07
0.6873776158184326
4.8301907953444665e-05
0.29826724937366794
0.15765962975987233
0.38242181357552024
0.001969343453817504
0.15725940174821892
0.07874707240773514
0.021338388648015832
0.5788898883012121
1.3125779636694448
1.235634615298981e-06
2.1494305809802894
5.039348751493179e-06
1.1599048917942723
0.10544194000895456
0.6187353756641951
0.2519390973404709
0.10376468413121606
3.80430315056881e-05
0.042696602443060984
0.4384518417022046
2.427764633230124
0.024051082935578946
0.0007650891515644094
0.8505665112693251
0.0003046702448571766
0.0008630553904008441
1.07934399365565e-10
8.501372295673986e-49
1.5436157008364135e-176
0.0
0.0
1.2539856828211209e-136
1.575429758404948e-30
1.9653115847805747
6.347548327689907e-05
2.431343447397108e-09
2.3920289586915917
0.03775339837853337
0.1420250589463491
7.118262567748381e-07
0.009488682618673316
1.7948766485956302
0.32269054896593913
2.3929229847537522e-05
0.40351751760657517
0.7471043934907501
0.09356561108725474
0.04528677102950563
1.6877307213603696e-06
0.4744886336302873
0.14060269664110006
0.002960621771003279
0.0005775024288997782
2.094359921610693
0.02891609518936557
0.051819916217175944
0.9013501873127207
1.7452405068911243
4.9212720923931e-05
2.510466480658748
0.3498899925518831
1.9280634925567852e-08
0.7885229972355645
0.00043863587158928067
0.4535905382764211
0.9113301750684041
1.6796737107561615
3.568471529003361e-05
0.012014660510770526
2.509477646864507
0.23841140004320163
0.038814406407086416
1.0119488356422206
0.77512420307168
0.01692112334853933
0.8381198935071765
7.18787598038862e-08
0.5037045502597488
3.6528675925300856e-19
7.16676437648522e-127
0.0
2.1090281299251548e-284
1.5164256106606285e-106
1.2153901087606991e-12
1.0622090945545412e-05
0.13899262585255706
0.06340012182516926
0.3255142854240571
3.338750037939826e-07
0.06496522408741022
0.638212742808602
0.5817557902412774
0.06356011484817266
0.0013445158214783056
0.47743493684741917
3.140878085397453e-06
0.00016511396943090322
2.5041517787932297e-06
0.20498369097506106
0.009677506122829275
1.8787359986225771
6.246248158150713e-05
5.630438928587152e-08
5.413490788615037e-05
2.0674184994321154e-05
2.272810406674662e-08
8.15403228669325e-05
0.021105715588039854
1.2298651192474274e-05
1.1234750920438372
0.04443587589408227
3.276381747501689e-10
1.7763864802530986
0.08187833737472738
1.4599315093903698
0.005972445788032401
0.00019254271289096333
0.30033018508800413
0.11489353343937768
0.01182020320410521
0.005302860392237497
0.003373304794478125
0.08523685497696759
0.004874795493707095
0.35086945189383323
0.00011871251574666297
0.13060889087992059
0.020727230149248526
5.230874346983222e-13
1.6460133774309054e-09
3.535337856797981e-77
1.3136970580707006e-240
3.09100300594063e-203
2.813546020180339e-75
8.257809674500298e-10
0.00016442391552407243
1.2615272187433092e-05
0.0005148753146121909
0.005084529013703999
1.444550588451053
0.07316868539874866
1.1657222317334138e-09
0.02301232240126856
0.011826559089863437
0.4482843655657322
0.25193606724524975
3.0136972490968406e-06
1.0373296973585017e-06
0.0015016429058349844
1.313785297031083
0.0002473154311861452
1.0503893994604914
0.256561542433196
1.353140043498541
0.005548391609685438
0.5752861401166495
0.015801615567174986
1.945309578186514e-07
4.4203346980797497e-07
1.7239593890894824
1.6441508456780225
0.031636394827702204
1.2256531190275617
1.2793271773694803
4.578463270571985e-06
2.389456930360655e-06
0.0005572790484763924
1.1635409469083613
2.0601266798102513e-10
0.49814392239760347
0.28444309696662556
1.153520099043716
0.5912428582536612
0.009382681821929105
6.63125494758889e-10
1.6216052548094617
0.5145949169955694
0.09299403920245028
9.681691726701364e-06
0.4826425305044243
1.8814394218189327e-20
1.522242928477223e-63
5.277259105853054e-202
1.454945438338795e-137
1.3979150231082815e-26
0.059763274674599985
1.7653986684227092
0.0018926425089519213
0.0006036460980472229
5.58728281785251e-06
0.012527064864957787
1.994646382437684e-10
0.024946879836839245
1.4344469186982873
1.3582333233396413
0.0020954095768365524
0.12236474312650143
0.07047248829819168
0.6140198050405555
0.0005097921240518996
0.04461986419851246
0.2226343122898072
2.224960195718032
0.00012721772991929043
0.0008293684539921457
0.82902366474162
0.09280436567939224
0.0003392236473808388
0.025269566441116054
0.4504704732096179
0.5339792633075627
6.346983511652447e-06
0.006004228792143483
1.7117551055664223e-05
0.6652341255789105
2.651702742121274e-06
0.8325054758784111
0.0007794679048046052
0.07824876186913372
0.35291938099319137
0.7621790674404479
1.3216654057947148
0.0027699802608602375
5.199463515973806e-08
0.07544350030191378
0.02065905106630049
0.007869857771545146
8.257685529714771e-10
8.677699293038193e-06
0.0016072783805333923
0.6074067055475213
2.394892989140058e-06
4.17634477454666e-49
1.4478412634601106e-187
1.0700094180716178e-120
1.9648127216738135e-17
0.16989471899242223
0.0025682538532617333
0.001410867530693665
1.4105960262045016e-12
0.12017889295441589
2.0937517698058394e-08
0.0019197470264744338
0.002149455874839111
5.224592389883118e-06
2.3039845960173306e-06
0.0960608661739987
0.0011235958770499756
0.013413207269542569
0.47669807879598614
0.0014213426661385795
8.168647445418242e-06
1.3224440126990754e-10
0.15538099320017157
0.004195489479940369
0.6057542122948717
0.21665511913718935
1.515955037032355
0.062033667367964805
0.015860777367424354
0.9535426698663982
0.0968849042703643
0.07051544653741247
2.5905029713320944e-06
0.027876530332598154
0.0157622873310051
0.6721639503924884
0.0033896465234961692
0.018103327485935773
0.11328688085248502
0.058902337238315776
0.36218524336941
0.00026483495784579474
0.12127359349918967
1.7916600059378798
0.02413059068009488
1.6515694191234815e-13
0.03414464914439698
0.0001596274746775195
0.012064957876232331
1.6868780243028259
0.0394677120096315
0.030432047944442812
9.101870779924951e-20
1.4944750407917024e-124
1.6087225445379406e-109
7.27024443930744e-13
0.0002750335046718503
0.0018682491187867654
0.00016979219603128288
2.2317549071232574
8.351049422500254e-06
0.001661121959270121
0.0015190247337966846
0.00024080846574938062
0.04438353030795679
0.24085183154315684
0.20943251689588221
1.944599896026221e-11
0.24106931542533738
0.0038571763840579395
0.0005051250877603512
0.6779973780541837
0.27356860684267725
0.09498723682980474
2.1642846294321285
1.298148518785136
0.00019540896236054317
0.0016213219082888662
0.0031883057966404066
4.33390893830827e-07
0.20735381483213475
4.6209287994097785e-06
2.499601077610896e-08
0.03037963116861818
1.0270401732582464e-13
0.06348604261423087
0.00029490868547703817
1.3417102589044858
0.49968799693598287
2.002984048120899e-06
0.06436219012217648
0.0690895298703921
0.009215815340056383
0.0012451548801491177
1.787896828941815e-14
0.5461166799355497
0.0489025435912274
0.04684338787949354
1.8916320819581065e-05
0.0006789490489209913
0.0002205589705870512
0.48907054255074844
0.19403163267105414
6.952340229281379e-13
1.9412340959135517e-101
4.4379344073679e-93
1.9988565329821627e-13
1.179022782872487
0.0001623224660936249
0.013003253218970725
0.008556049743337048
1.7203711502593095e-07
0.00030018515531736483
2.6253321725813463
0.0019751604068716884
0.7488780406972277
3.242274150347765e-05
1.680695157291307e-05
7.481753507666792e-06
0.00012583826078226934
2.2486309950907242e-09
0.005254997448264529
0.8899862188653301
0.006375803511023972
0.1733201972587133
0.0362155387278554
0.22456660351148333
6.710789286499682e-15
1.9126664484892237
1.559539174472093
0.1984681071136436
1.8353521208652757
0.0001766137350275214
1.3154520012966069
0.4589282361366307
0.3794309847642272
0.014064330876419104
0.929991099124364
0.0089053480025813
0.0004579830032183838
0.16033378486306876
6.808388155788799e-14
1.8938274709003843e-05
0.6101170881868094
3.224056644786023e-05
0.15014792140253422
0.01331700974199621
1.2568640745782174
0.051313881309423534
0.0389903650014478
1.3953349894460694
0.019156075347969523
3.138758976118614e-08
0.05699785826208171
4.901164318155182e-11
1.9368917305944214e-100
3.535500741045529e-88
8.48552851485239e-07
1.588144531358577
9.355520335724076e-05
0.00019704732222362842
0.0676849752218617
6.230045196399777e-09
1.4694998731189344e-05
0.02170601580754151
0.00038461279003701096
1.1174478977044229
1.0468999227845865
0.0046593907531453805
2.927361073232056e-10
2.9273718149800896
0.3622515009917888
0.00011755146713793033
0.2910182970739271
2.2267177363912083e-05
5.949672052409205e-08
0.0012185271895495838
0.24626138282307636
0.7609081156859481
0.40931992073951234
1.4941541078080702
0.00034638630455769597
0.012547502034712337
2.2977219317659655e-05
1.3332167256902419
2.7035336196653907
1.5347110650112874
1.0490624077240787
0.051370845352358974
1.5554106478264453
0.044946802009584966
0.0005082969669182403
0.05123906333076523
0.24206930024183373
0.008553618758184096
0.19596225822425845
0.00030868552711100285
0.0015101031570741942
1.9589766522540386
0.4515066498478896
0.011389351277307433
0.4494120909023963
0.024158707162498048
0.007693169192687607
0.13858700570249027
9.887280264332428e-32
8.190427315403436e-136
1.7997175561876445e-73
8.18153290842824e-05
1.7415904637412598
1.4620549865714472
0.06567339279835627
2.2499664255295824e-05
1.197417811529214
0.0004276217616368198
0.0037320265145390783
0.024322627358019943
0.0005540553432429872
0.18678219317730535
0.05005586867421465
0.005709027483108177
9.83605325480929e-10
0.008987226597251432
0.04279435891818809
0.005790268671419665
0.07051440110186702
0.055482016296784564
0.3724460052103205
2.3315045797003444e-06
0.010098827931053659
0.00010728169486599842
2.783436891327078e-07
0.14897369368296104
0.7514970287253593
0.1428009810056874
0.004298768148148259
0.5205740811945995
0.007962325770032563
0.4610050136375532
0.003846679313114865
0.19194143482443968
0.10388000707423059
0.10717307706645919
0.014424684498449063
0.0013101552776101297
0.0011943927316841883
1.994651267869066e-05
2.4922483242983403e-05
0.004133605638086239
3.7145600556904386e-07
4.978024430411389e-07
0.04004712308805957
0.1936537171527089
0.684489196348646
3.024153568438015
0.0021497826012454994
1.3011253803814449e-06
6.773646613565409e-89
7.940604509866075e-81
4.010665245215369e-06
0.0006654637931840558
0.06874122840492072
0.23716435745911982
0.0007479385441135106
0.6755515529031716
1.466467834037803
0.4077272225738551
0.5530958166784773
2.2183434172233345
0.04216260665145811
0.0005244624000242266
1.3943804457500804
4.278589542652907e-07
0.1878167141121721
0.00032059134927778487
1.6626278492129187
0.009297143307798588
1.3919441152403069e-06
3.1461608117084496e-05
0.020900885167867544
2.028566181942463
2.2676852508756355
0.3821302190592353
0.8193039679556544
0.00035157715012708936
0.2607561876946526
0.008056831205166684
0.06809668972775734
0.6133093705082501
0.02910535863769497
7.280224309010169e-06
0.039753964887136395
3.2929865255599106e-05
0.004609544496966948
1.5712219063757316
0.00014749219341789234
6.986545386238322e-05
0.022928771342594148
0.8722008064750306
2.3362191444141645e-09
1.468047790550589
2.0154268331842737
0.912961406551272
2.7984735025924667e-06
0.0011543598663528729
0.1899476099406701
0.0005419710824669216
1.4713823953187442e-20
7.523232955457453e-123
3.1190113180665624e-107
3.512494259205978e-26
0.9840486429964247
1.9478845814362435
9.926171488835012e-06
1.404272329703886
0.7930696474093085
3.4704829750713e-11
2.0371145563155436e-07
1.2660454056663385e-07
0.10980075705773004
0.008264222666589981
1.909133443490016e-06
0.0007072530580273786
0.305607761446957
0.2714760788418332
0.0012654767905836068
0.1970002489605867
0.6709704987034923
7.848889922847936e-05
1.330159748169063
5.944179919106274e-10
0.1724978037007533
0.0108361671052084
0.942332906445504
0.0001359291201821687
2.207682775721027
0.8526787413606725
0.0001404136498865328
0.0031117375653580363
0.6443450002567482
0.005395843864906008
0.0002888050425139909
0.021532524222639043
0.576594717257514
0.45166715482824704
0.03675532859915034
0.0008020893726312701
8.640788416968412e-06
2.19661422419517e-08
0.01716706056179312
0.005470533898994225
0.28201320235981153
0.17626624750162775
1.0103227794170502
4.33376869857693e-07
0.2616913816368212
2.366452307096162
6.404246345568395e-05
1.1180105952766142e-25
9.397087125037039e-133
5.353745991693416e-96
3.1168684644547328e-09
0.001123977210180476
7.827421962359754e-06
0.4316556853629794
0.14881307173427288
0.12287386988053686
0.02982947837864296
0.01600001489087986
0.06983614537752
0.013420976302602233
0.00023821346127962366
0.511205682764188
0.2425956546828914
8.964866867157303e-10
0.07139691375270095
0.0012831963124581927
1.7947335109356498e-09
0.00760807661008572
0.011838624271796041
1.2799547600849792
0.008818352641029242
4.725681481165186e-05
0.11230773228782327
0.056524774559862025
1.0921005669779976e-05
0.027378969027334374
0.0002547441604420611
3.520683464017299e-10
1.181247204202275
0.002233260952826023
0.9052020897016367
0.017258596490143142
1.8648812155060001e-07
0.013057155784890808
0.0002062609676352175
4.6425773919451244e-11
0.0006381760822118405
0.00028925866014240664
0.0006909337656056441
1.48366856558089
0.156247506956329
0.2489042114243177
0.00899799395229832
1.9358625434184937
0.10403873085342608
1.439504867411318
2.6750985379045993
0.9589816673458382
4.644156799046343e-37
3.8834415099345034e-144
1.2677810796595868e-118
4.2999336679765125e-16
0.10749860226246476
0.8186076859140788
0.1090574447313687
1.1055183843406895
0.02437961625908508
0.4170419618220998
0.03499981302663974
0.8644832470495405
0.1553666967430022
1.0098854622550426e-09
3.809508040887061e-10
2.51134119910728e-07
0.016321305882190728
0.0001227015521601999
0.47981773120318616
0.6854058223785363
0.13195849368346552
0.01378773859767825
1.6130111653872143
0.5165820460162927
0.04740746610539359
1.5175824441621626
0.31870088332495977
1.7099749772955577
1.30029800112066
0.0010359948165669208
0.00016115377499961806
8.631465085397767e-05
0.034064874083940204
0.1301465674606509
0.00973903857910317
0.3704550674875661
0.0005732036265885721
0.713322994670993
2.6789128613512646e-05
0.5667419992934044
0.9756620902144351
0.0022625960133194657
0.00012331810030913264
0.04487851060084407
0.005450452530647023
0.01846192662950106
0.1945509214284405
0.0055545543134635465
0.13092419418696305
0.06341266437835635
0.7077028665281423
4.7358991657656294e-48
1.1214297315487098e-173
3.2257837778880795e-157
7.054706092360182e-32
0.0267107216041893
0.009954442719056907
0.00010626961199933686
0.012921772266648856
0.46839665089236027
0.1529580865703223
0.002121265849841663
0.000652533239348106
1.6890731941632597e-08
7.649106507142862e-10
1.3736416021385822e-05
0.12658647755621943
0.40734990067377724
0.16249711278927964
2.1962085637148135e-11
0.005361398303005844
0.354409772499613
1.1747494838798476
6.336093292332785e-09
0.03826887652256413
0.0312125404264851
0.00016948210549718216
0.012340071165823757
0.0060357680836233395
0.07416117618505753
0.0028490078835542824
0.050452088136716186
6.063241668188386e-05
4.2712788873766656e-15
0.573173780801617
0.3236096972456532
1.3173884851701378
0.045292507056293986
0.40664491423917687
1.589820628552561
0.9254716218643315
0.5123278720654155
0.0018430439422158229
1.87355703230703
1.0881815849256814e-05
0.014715127957793846
3.311916766781783e-05
0.014516427426589085
1.0399857881586025
0.17636982241547697
0.5377935763452186
0.8451912395479098
2.7730295244412696e-34
1.113101385789104e-160
3.057715354302588e-200
1.3318524998801042e-56
0.019089682665251902
7.121583237410058e-08
0.0014378292271946247
0.03936127670674107
0.0012117124176097703
0.028755783664069754
1.7474422297768633
0.2976803203527544
1.4475787566247065
0.0536470517683758
0.19448305604310598
0.4699414949533791
0.00024515888347342906
0.07159131399856011
1.1268210746584813e-10
0.0005308401249577846
1.0551756664003455
0.02063113796757691
0.004706567956408775
1.1119521808144697
0.10317371761018494
0.33843022493838226
0.0033533887249725244
0.44972226667429993
0.023534876742865966
1.3467769616286116
0.0008983908829962684
0.7830070695736865
0.00011394544303890855
0.029071852441508502
1.1045491312184297
1.5042249936345366e-06
0.029953843754342308
2.25847470098584e-07
0.002319499934157039
1.2439943973899095
1.428837629885979e-09
1.1395560104468716
1.9174918251466508
0.26757394289822267
0.2565392632376316
5.524564189724349e-05
8.438166465220956e-16
3.1931928434577523
3.8553973288014545e-08
0.557646938844598
0.39141547179185376
1.068424813938093e-54
1.1060677928923838e-190
1.1791311300855608e-236
1.8216271172577855e-85
1.8326156549380647e-06
1.9795205900935813
0.03478083316933202
1.6026944563030292
3.103429097535519e-05
0.23134139297701298
0.0065589518787105595
1.6027994287719318
0.9416872349608496
0.49173905798356843
0.00010917292288022381
0.2596528390384644
0.003025362987402291
0.6544937373469484
0.33162000513037376
0.00018821838817127898
7.809815988165864e-06
0.02122980094722082
1.3703645608275217
7.815690084508336e-06
0.017702423636393662
0.0027752758747369055
0.7480743101203018
0.053932990612163646
0.01577035721216922
0.30013167118921813
0.332524434687024
2.4523521937635735
0.18052266726130156
0.07970134171104838
0.37663456874813117
0.549555956629783
0.013167224906942686
0.0007355264673017518
0.002074662679085046
0.8101898221972789
9.511917647970677e-06
0.076311020441793
0.5071676298185942
2.3773681217208527
0.005042632000287541
5.940127401986572e-07
0.09025216371628182
0.0023894282001221284
2.0322830732108188e-06
4.4836060054952767e-05
8.205241661904893e-08
1.935444683219239e-79
7.898359380069108e-247
3.0879e-319
3.145969491012646e-126
5.589274900459252e-21
3.6458903978386138e-06
0.396193516899301
1.504110896880994e-06
0.0004344054793965419
0.10998037902488535
0.00040637438939714797
0.27075607922937367
0.0007847610392195274
0.006919146865027088
0.8446271972351309
0.16382385104844413
0.20853252079967333
0.0007657970442485928
0.000597887086656873
0.01362392535713378
0.0024514516846948385
0.5477645237840153
0.000823830541870071
0.24977107063452114
0.7624511938819075
0.6170371435785218
0.7661149128594059
8.919000178103657e-05
0.003669471082578954
0.002579358848479227
0.08822166943316266
0.0004615427995055065
0.0002096875865675195
0.12065683216107789
3.534267274843702e-06
0.000157070369903633
1.5539523514608652e-05
0.048563905604762425
0.21508511203252356
1.3720175613858983
0.07965422568998588
0.005895879359292499
0.030686263718042704
0.23063847667227594
0.12895749679828106
0.3018048975803173
1.3828706489864319e-06
0.8901596114514859
0.0015334118095819886
6.284573540860983e-05
5.90512438280629e-32
4.8845365944103305e-150
0.0
0.0
6.233682500662053e-177
1.5842658613468512e-64
1.866428179596324e-05
0.016237597773194567
1.3067442454233658
0.5117340292877037
0.2424583213944138
0.8836137548159456
1.223507167271983
0.3397698213561194
0.04952778587809815
0.0435522470492548
0.08169731600898651
9.181022713474266e-10
0.07259710650267169
0.0031907803331685976
0.670341642692596
0.11151104082148043
0.050050741551498676
0.338204489962136
2.542893340582184e-06
0.14436951115416413
0.027146855277761835
9.739989295914852e-07
0.04398180121159453
0.15909721551414163
2.550341673091933e-05
0.09521924375863676
0.21992128293995342
0.000282697600011466
4.7375832968854107e-07
0.001043462523143736
0.004483069737970312
0.20769025425353813
0.0024351062134547025
1.01092375686384e-06
0.0010381521439890831
0.8644469006423497
0.17959132816893816
0.044218188077460474
0.5643061504932109
0.5101656897747322
7.458985887081816e-08
1.0754793969005536
2.999057802431462e-07
3.661865133255052e-06
1.0343457522090347
1.6118617883395887e-46
1.3332817863314412e-164
0.0
0.0
2.5871951767351353e-238
1.7893140928813866e-83
3.4767548545197174e-12
0.213456675987507
0.02138877734763811
0.132664452788279
0.4043745878376481
1.1558721565445618
0.44299087763181355
0.0008049770404452778
0.0008672113779984632
0.14953211934431027
3.030018931968011e-06
0.0010245098602251475
0.23784676611390768
3.078277026601524e-10
0.009115555866851912
0.0014099317595027208
0.3877243470616019
0.24790816672755422
0.07376666486170201
8.869838499452472e-11
1.0047816456935321
3.9845590195610685e-08
0.016887074961477986
0.06451679384797444
0.00973681534010571
4.1605932596576704e-05
0.18806106625995037
7.050476905539877e-05
1.0680071391510506
1.0300322163321026e-05
0.06516290618366687
2.7324549651578426e-07
0.013137267552885905
0.1239524201669468
4.65372086122278e-09
0.005024062068561263
0.010939784564203602
7.21382051918564e-15
5.279747074172712e-05
3.6626518514311576e-07
1.8964245812444211
0.008903185400668343
2.3893467342129493e-05
1.7203454949853927
7.129398046277328e-10
1.5294309546816057e-99
6.463075617464017e-256
0.0
0.0
0.0
1.3654731380546008e-174
2.6256114168979917e-47
0.0019681836939072347
0.0023263155718284503
0.40931875707782917
0.3021940707180895
2.64808207215044e-06
1.753943090403251e-09
0.3725386071230475
0.00022429221822919653
9.30809000178571e-09
4.0570260314115516e-10
0.022982497793020872
0.47873516010618367
0.0013913265756752167
0.1445873774604739
1.0526751218033016e-08
0.31598303246168696
7.881790617458549e-09
4.095195253328296e-09
0.0018033914618496895
1.071730182920972
0.2536714237648411
0.001831546537211785
0.08447407874438194
0.06647264080094943
0.0005631047029417911
0.01038480581707025
0.2842097582279834
0.1703855069496312
0.05198956253115109
0.19271002200121926
0.9032548753115355
0.09077497972731091
4.362570248437393e-05
5.800516520791886e-05
0.510607635657814
0.00010211066801029187
0.7717103637879166
0.4845334648858586
1.632637069666946e-06
3.673041211904229e-06
0.0018430618415450554
0.021259991043273602
1.1937695618133863
1.738091114795568e-45
2.3731425911220395e-155
0.0
0.0
0.0
0.0
5.729003197906413e-227
3.299256973846435e-76
3.570534080605919e-18
2.837233935568262
0.6933941287786316
0.0029357072606281576
0.012972986287405302
0.005021617587570778
0.12325858294253145
0.25982630569151904
2.787290645340929e-12
0.03167301313670708
0.0007287728751701187
0.8127792958365243
0.022802344301615738
0.500656468614961
0.00012052025754809035
0.01666747978373058
0.0031041080370214145
1.2816622137154279
1.223777327254422e-06
7.036336471183111e-14
1.5859294463720014e-05
2.0564718423780417
0.04410535927297215
0.00025067953447288887
4.439301939602361e-09
4.917807821623369e-09
1.436259196280961
0.11892024964678932
9.33253264973341e-08
1.188270425494769
0.007905528093618597
0.03769861097230397
3.1262706006455324e-06
3.5216238559238556e-05
4.866300505607682e-07
0.00214954978624817
5.619227738795493e-06
0.3070461341450954
0.0005642780446929749
5.077044015696882e-07
3.773602340549904e-06
0.0012336088885801096
5.408151527733081e-09
9.738358558645779e-88
3.8693813814389898e-233
0.0
0.0
0.0
0.0
0.0
8.935856337520664e-187
3.2797366049627997e-57
0.6992244740344138
0.9010690225715712
0.12480646402075464
0.00048564115224311827
0.009062745694279445
0.3518061096940665
0.8881761597671066
1.3269945530293141
2.3314369590237954e-06
0.34114902226496413
0.048602884575001754
1.2661093029559953
5.685461615110353e-08
2.96509102179143e-05
0.050966972781385345
2.511287923930581
3.412574215984789e-07
3.325202109020295e-06
0.16498238460829387
0.9484256595419897
0.05056152238502213
0.0065485864461942945
0.0036390626074750375
1.5698645231922048
0.08873330236155595
0.00015383058612105822
2.735274940750858e-11
0.111199035693828
0.12616235838354894
1.6968044376801399
0.0001996257301939557
0.0021467111097892887
0.039894920211247686
0.06397741001098704
0.8151509581555904
0.5441542369649448
0.0008720518578933657
0.0007358770933813478
0.12624952470252762
1.4920956502573853e-07
5.56538571413659e-11
1.460130909660732e-56
7.571573730697129e-162
0.0
0.0
0.0
0.0
0.0
0.0
3.9215416132025873e-261
4.832454142122976e-109
3.914088184534206e-31
0.0799589965443702
0.9341934073683029
0.00021988557179116066
1.0271628469100792e-05
5.340431661689907e-05
0.48577104911534247
7.6203864358250626e-06
0.03505960004910391
0.05230353513003039
0.0019291950356337183
1.1497735284995458
0.00046807199665104476
1.1109832613576118
0.017709619088731057
0.8580517177500959
1.833865456091944e-05
0.7332494219365003
0.010665629376264706
0.4824878938093085
1.4087879632978069
0.0038895459073410954
0.021246812904267068
1.4090506530183286e-08
0.09648799085443172
1.473500041801309e-08
0.0023063242777871616
0.0019210440492342783
0.13459609186407728
0.006755331011320196
0.03684242107014508
0.14669506514915273
0.0025861118814412883
0.21080154544933163
0.10968144427405363
4.840431223942725e-06
6.477859807812261e-11
1.0542302045440932
0.05473547138044655
8.125736917130334e-10
3.6631521906303885e-25
4.1879616449689436e-126
7.773702952002433e-299
0.0
0.0
0.0
0.0
0.0
0.0
0.0
2.5253996990699507e-222
2.650344346094572e-78
4.66348601041151e-14
1.0372556244738225e-10
0.004130649008722014
0.47494946615094524
0.3122847389115818
0.20852819629160352
1.3750025561410855e-06
0.00010119929448027714
0.15222771578456018
0.01883867052033433
5.36532454513365e-21
0.0014099621822285322
0.007718415647673119
0.16247624249184126
5.2306128233669665e-05
0.01049130149786633
0.00016824395790917515
0.4111986488122184
0.0003592817283120554
2.3087116715238418e-14
3.670314608482277
0.0026051468550914387
0.01259264032814916
0.5356826871900536
0.5219130748393129
0.5246437664354063
8.609127020956037e-11
0.014855116830677887
5.0682478830217074e-05
0.014344411261109575
1.125161202601546
0.0021176497828033426
0.06983091281401801
0.9216110623426512
0.00013259045126942518
0.004865812886318785
0.25554325553964996
0.25009470811969886
1.9473816802703468e-15
9.00707947882713e-105
9.878799560918235e-214
0.0
0.0
0.0
0.0
0.0
0.0
0.0
0.0
0.0
1.0620983247575098e-174
5.2972376748297814e-96
2.963066567863132e-20
0.539493019732194
0.3721968544786006
0.10026047723648598
0.001848626265384475
0.00432115083643784
0.09132874534395741
0.10071318873428482
0.26483777925264806
0.6776438481543225
0.018459957915940985
1.242976575485656e-10
0.00041589898337814703
0.008702922825387037
3.2107851992976295e-12
4.738760588831631e-06
8.089905919866851e-05
0.00029076861794086884
0.002974351808836352
1.2456473050608015
0.0033425606388738554
0.04136620898112954
0.7646080394276067
3.631047240040504
0.13891966892239827
0.01917366140631077
0.0937196716732712
8.216518959026762e-05
0.038871471363282915
0.005611588728993366
1.2844587083718102e-05
0.2004845308548424
0.037340014876316475
1.3245649586076878e-05
0.5949665528015975
1.3263181969483628
1.6277273176923141e-18
1.0743947396803943e-70
1.0207187542554796e-171
0.0
0.0
0.0
0.0
0.0
0.0
0.0
0.0
0.0
0.0
0.0
7.610175393063782e-199
3.862336386168398e-65
6.873719823171402e-05
0.11703109704577713
1.107928869260104
2.4968885354518572e-08
1.604839846628891
4.247173703178611e-05
0.15647722812086023
1.6809166657252905
0.7036752943407454
0.16786211050454092
0.002405425070898194
0.14826950819815427
0.5862990298315468
6.42696834558433e-07
0.0689474780882025
3.3961616597280493e-07
0.038837511000279434
0.0004652267138637747
0.0014874314348683752
5.137875014105701e-06
3.783828486754233e-05
0.1297427187246109
1.859509412395349
2.0778069496145143e-11
0.3726801609400356
0.03217671045244462
0.05317943612252219
1.5457181889121285
0.025004053671222395
1.0668002324205046
0.014958283098752082
0.00032283315590936253
0.07823228355684793
0.007679347836339767
6.964261343648965e-22
6.549302374278701e-91
6.9795033424033765e-186
0.0
0.0
0.0
0.0
0.0
0.0
0.0
0.0
0.0
0.0
0.0
0.0
1.4944246155165393e-295
1.5081405568459328e-139
2.528258983672151e-60
5.349512492515534e-15
0.13438803689282483
8.598259913347488e-05
7.874888581147983e-08
0.0021385455400477213
7.117815853929306e-15
0.016225300751520275
0.7743980352792595
0.7232922377202919
0.004297306924793384
1.0890533441650547e-05
0.0013378632354147872
0.011649466516638663
0.00041155902887812253
0.008909394787766691
3.2407872063206267e-09
1.833897915049821
0.4265216354953463
0.8420634058182339
0.0022868775410233924
9.870688063468636e-05
0.7641782263567913
0.06354297079416274
0.3137222279663694
0.03277261031545904
5.494040508791293e-05
1.443774526077184
0.002005229634970186
0.000942269265905173
1.976557655278402
6.491936897210338e-05
0.1863725156452976
3.41324803490717e-22
4.990236641548326e-77
5.817793011882737e-203
0.0
0.0
0.0
0.0
0.0
0.0
0.0
0.0
0.0
0.0
0.0
0.0
0.0
0.0
2.295015260699649e-291
5.527539175150107e-163
2.0867212742217754e-59
1.7445675109628553e-27
8.253584638886929e-05
2.495515597804123
0.21405741368491868
7.291563075840979e-11
0.052769116377375115
0.9841829242181167
0.18745782553569643
0.029300181839666744
3.58626588921816e-08
0.5982929295059686
0.008757874002216694
0.35378350203601083
0.11999063164596424
0.33134832596622416
0.014120385629034919
0.07679690441687759
0.2823192113173751
0.00032693228761093495
6.597072295910252e-07
1.0577916648688583
0.07482372559866689
1.114615002023835e-08
9.697789513754117e-11
0.0003781227515578567
1.3259081731587836
0.3145847297233702
0.002356205842457283
1.027302507692511
0.7420828863617482
4.3630197450084264e-16
3.870947459302405e-62
8.126316640491787e-184
0.0
0.0
0.0
0.0
0.0
0.0
0.0
0.0
0.0
0.0
0.0
0.0
0.0
0.0
0.0
0.0
2.1949350319062365e-301
8.286178506087389e-198
5.045696061103623e-128
2.3419813838338063e-54
1.602881693677326e-07
0.30991624100888954
1.1453613440456263e-08
0.037136316583283126
0.06132496092610152
0.23275677932556207
0.00118513283663474
0.01189983024033754
0.001083373886262828
0.02645985067010732
1.2949602679093777
0.11882632072387378
0.0003757753832825277
2.6460657541760912e-05
0.06209975539536052
0.5569206807169774
0.5852702620786394
0.002746650690906205
0.043599628384047004
0.00031957838962632615
1.530988908035195e-05
0.873718201541305
0.43344821196793903
0.4495997583111112
0.3398330504127767
0.4834428562120973
7.2484272386731195e-12
1.2048241734285457e-22
9.948552814605857e-72
1.2553286547689704e-173
1.574317978398e-311
0.0
0.0
0.0
0.0
0.0
0.0
0.0
0.0
0.0
0.0
0.0
0.0
0.0
0.0
0.0
0.0
0.0
0.0
2.5682848371761838e-284
5.450347846480557e-130
8.479669306342817e-46
2.597134217513455e-37
0.09148876568428188
3.18848406601883
0.32030036102453446
0.7947172750390119
0.10501570567064307
0.0003291103398094735
0.6456591991417023
0.04494280690000195
0.9439677690775814
0.03841404091539588
0.07928244005407063
2.9803690330642723e-05
0.21909312631699218
0.2070659795408224
0.01720606980891721
4.733083092710625e-05
0.010413047945599458
5.539581542657678e-08
0.0005991733049232248
0.032373242609257884
0.34298847874983585
1.0203162412717711e-08
8.663054433223288e-17
6.483059320609572e-10
2.3934172357403974e-57
4.0237846225191415e-103
5.675972062036459e-200
0.0
0.0
0.0
0.0
0.0
0.0
0.0
0.0
0.0
0.0
0.0
0.0
0.0
0.0
0.0
0.0
0.0
0.0
0.0
0.0
0.0
1.3447200486672497e-264
2.0389328185771242e-177
5.787530754302793e-101
3.5271511432967138e-40
5.440147744026123e-19
0.30142391992986173
0.017428388280731955
0.2998516296482926
0.005094945325001131
0.5855019548749729
4.894171585518149e-06
2.826592184625768e-05
0.1946891179759849
1.8428110370655348
0.0938583300219753
0.009175376468917463
0.16480279265726
0.3105705299885273
0.006344804163386559
0.045114417702103664
0.23131754434356414
0.009584745924917584
0.050792471094560504
3.3655742445769543
2.1874564921594296e-11
4.814485672286115e-65
8.480500047056017e-88
2.347008631892094e-148
2.3249441298483803e-279
0.0
0.0
0.0
0.0
0.0
0.0
0.0
0.0
0.0
0.0
0.0
0.0
0.0
0.0
0.0
0.0
0.0
0.0
0.0
0.0
0.0
0.0
0.0
0.0
3.8602582051834986e-235
1.748216281275023e-154
3.3935385488047585e-99
1.978276686483352e-41
8.533176998676951e-17
2.4824619020283174e-15
1.0586557083755859
1.7050117506518216
0.023531440056906824
0.03782244258614767
0.08677211971234977
0.15655107788970904
0.001876904257332604
0.05397386311581236
0.01580282267110071
0.015048944723798856
0.043497186282980924
7.632338236156092e-05
0.004638970351563995
2.2861766511080914e-15
6.526323245454932e-34
7.651859972081856e-46
5.540515348443529e-97
2.2582864770551556e-158
4.7161443496337025e-261
0.0
0.0
0.0
0.0
0.0
0.0
0.0
0.0
0.0
0.0
0.0
0.0
0.0
0.0
0.0
0.0
0.0
0.0
0.0
0.0
0.0
0.0
0.0
0.0
0.0
0.0
0.0
0.0
3.85342475905748e-235
8.335778725937459e-172
1.1174319082999688e-120
3.080481451735984e-98
1.629072121491687e-54
2.3954994767167096e-44
3.197220484815396e-31
5.2257326008906896e-21
2.209918507120395e-06
4.034412010642597e-22
2.0238847625561152e-07
4.294753467459488e-17
5.187315474510892e-16
1.2858986760642164e-10
2.426575793346934e-37
6.3397561943797115e-59
1.3132299824022671e-70
8.417416363242846e-116
2.1952721232394536e-153
2.210134585361435e-165
2.9246621807856833e-240
0.0
0.0
0.0
0.0
0.0
0.0
0.0
0.0
0.0
0.0
0.0
0.0
0.0
0.0
0.0
0.0
0.0
0.0
0.0
0.0
0.0
0.0
0.0
0.0
0.0
0.0
0.0
0.0
0.0
0.0
0.0
0.0
0.0
8.201074021583657e-248
4.337031934620551e-204
5.458465517205115e-176
2.489163868224872e-129
4.068536637670597e-119
4.478866019221621e-83
2.4225673084451732e-113
1.0567366603229104e-75
3.944670000450889e-92
5.951743313491227e-111
6.114920910180312e-92
8.30909185236263e-149
3.5770078384912945e-195
6.437752025616169e-234
1.231464520605588e-292
0.0
0.0
0.0
0.0
0.0
0.0
0.0
0.0
0.0
0.0
0.0
0.0
0.0
0.0
0.0
0.0
0.0
0.0
